12 2 13
52 42 53
92 82 93
132 122 133
172 162 173
212 202 213
252 242 253
292 282 293
332 322 333
372 362 373
412 402 413
452 442 453
492 482 493
532 522 533
572 562 573
612 602 613
652 642 653
692 682 693
732 722 733
772 762 773
812 802 813
852 842 853
892 882 893
932 922 933
972 962 973
1012 1002 1013
1052 1042 1053
1092 1082 1093
1132 1122 1133
1172 1162 1173
1212 1202 1213
1252 1242 1253
1292 1282 1293
1332 1322 1333
1372 1362 1373
1412 1402 1413
1452 1442 1453
1492 1482 1493
1532 1522 1533
1572 1562 1573
1612 1602 1613
1652 1642 1653
1692 1682 1693
1732 1722 1733
1772 1762 1773
1812 1802 1813
1852 1842 1853
1892 1882 1893
1932 1922 1933
1972 1962 1973
2012 2002 2013
2052 2042 2053
2092 2082 2093
2132 2122 2133
2172 2162 2173
2212 2202 2213
2252 2242 2253
3 13 2
43 53 42
83 93 82
123 133 122
163 173 162
203 213 202
243 253 242
283 293 282
323 333 322
363 373 362
403 413 402
443 453 442
483 493 482
523 533 522
563 573 562
603 613 602
643 653 642
683 693 682
723 733 722
763 773 762
803 813 802
843 853 842
883 893 882
923 933 922
963 973 962
1003 1013 1002
1043 1053 1042
1083 1093 1082
1123 1133 1122
1163 1173 1162
1203 1213 1202
1243 1253 1242
1283 1293 1282
1323 1333 1322
1363 1373 1362
1403 1413 1402
1443 1453 1442
1483 1493 1482
1523 1533 1522
1563 1573 1562
1603 1613 1602
1643 1653 1642
1683 1693 1682
1723 1733 1722
1763 1773 1762
1803 1813 1802
1843 1853 1842
1883 1893 1882
1923 1933 1922
1963 1973 1962
2003 2013 2002
2043 2053 2042
2083 2093 2082
2123 2133 2122
2163 2173 2162
2203 2213 2202
2243 2253 2242
13 3 14
53 43 54
93 83 94
133 123 134
173 163 174
213 203 214
253 243 254
293 283 294
333 323 334
373 363 374
413 403 414
453 443 454
493 483 494
533 523 534
573 563 574
613 603 614
653 643 654
693 683 694
733 723 734
773 763 774
813 803 814
853 843 854
893 883 894
933 923 934
973 963 974
1013 1003 1014
1053 1043 1054
1093 1083 1094
1133 1123 1134
1173 1163 1174
1213 1203 1214
1253 1243 1254
1293 1283 1294
1333 1323 1334
1373 1363 1374
1413 1403 1414
1453 1443 1454
1493 1483 1494
1533 1523 1534
1573 1563 1574
1613 1603 1614
1653 1643 1654
1693 1683 1694
1733 1723 1734
1773 1763 1774
1813 1803 1814
1853 1843 1854
1893 1883 1894
1933 1923 1934
1973 1963 1974
2013 2003 2014
2053 2043 2054
2093 2083 2094
2133 2123 2134
2173 2163 2174
2213 2203 2214
2253 2243 2254
4 14 3
44 54 43
84 94 83
124 134 123
164 174 163
204 214 203
244 254 243
284 294 283
324 334 323
364 374 363
404 414 403
444 454 443
484 494 483
524 534 523
564 574 563
604 614 603
644 654 643
684 694 683
724 734 723
764 774 763
804 814 803
844 854 843
884 894 883
924 934 923
964 974 963
1004 1014 1003
1044 1054 1043
1084 1094 1083
1124 1134 1123
1164 1174 1163
1204 1214 1203
1244 1254 1243
1284 1294 1283
1324 1334 1323
1364 1374 1363
1404 1414 1403
1444 1454 1443
1484 1494 1483
1524 1534 1523
1564 1574 1563
1604 1614 1603
1644 1654 1643
1684 1694 1683
1724 1734 1723
1764 1774 1763
1804 1814 1803
1844 1854 1843
1884 1894 1883
1924 1934 1923
1964 1974 1963
2004 2014 2003
2044 2054 2043
2084 2094 2083
2124 2134 2123
2164 2174 2163
2204 2214 2203
2244 2254 2243
17 4 16
57 44 56
97 84 96
137 124 136
177 164 176
217 204 216
257 244 256
297 284 296
337 324 336
377 364 376
417 404 416
457 444 456
497 484 496
537 524 536
577 564 576
617 604 616
657 644 656
697 684 696
737 724 736
777 764 776
817 804 816
857 844 856
897 884 896
937 924 936
977 964 976
1017 1004 1016
1057 1044 1056
1097 1084 1096
1137 1124 1136
1177 1164 1176
1217 1204 1216
1257 1244 1256
1297 1284 1296
1337 1324 1336
1377 1364 1376
1417 1404 1416
1457 1444 1456
1497 1484 1496
1537 1524 1536
1577 1564 1576
1617 1604 1616
1657 1644 1656
1697 1684 1696
1737 1724 1736
1777 1764 1776
1817 1804 1816
1857 1844 1856
1897 1884 1896
1937 1924 1936
1977 1964 1976
2017 2004 2016
2057 2044 2056
2097 2084 2096
2137 2124 2136
2177 2164 2176
2217 2204 2216
2257 2244 2256
17 14 18
57 54 58
97 94 98
137 134 138
177 174 178
217 214 218
257 254 258
297 294 298
337 334 338
377 374 378
417 414 418
457 454 458
497 494 498
537 534 538
577 574 578
617 614 618
657 654 658
697 694 698
737 734 738
777 774 778
817 814 818
857 854 858
897 894 898
937 934 938
977 974 978
1017 1014 1018
1057 1054 1058
1097 1094 1098
1137 1134 1138
1177 1174 1178
1217 1214 1218
1257 1254 1258
1297 1294 1298
1337 1334 1338
1377 1374 1378
1417 1414 1418
1457 1454 1458
1497 1494 1498
1537 1534 1538
1577 1574 1578
1617 1614 1618
1657 1654 1658
1697 1694 1698
1737 1734 1738
1777 1774 1778
1817 1814 1818
1857 1854 1858
1897 1894 1898
1937 1934 1938
1977 1974 1978
2017 2014 2018
2057 2054 2058
2097 2094 2098
2137 2134 2138
2177 2174 2178
2217 2214 2218
2257 2254 2258
7 17 6
47 57 46
87 97 86
127 137 126
167 177 166
207 217 206
247 257 246
287 297 286
327 337 326
367 377 366
407 417 406
447 457 446
487 497 486
527 537 526
567 577 566
607 617 606
647 657 646
687 697 686
727 737 726
767 777 766
807 817 806
847 857 846
887 897 886
927 937 926
967 977 966
1007 1017 1006
1047 1057 1046
1087 1097 1086
1127 1137 1126
1167 1177 1166
1207 1217 1206
1247 1257 1246
1287 1297 1286
1327 1337 1326
1367 1377 1366
1407 1417 1406
1447 1457 1446
1487 1497 1486
1527 1537 1526
1567 1577 1566
1607 1617 1606
1647 1657 1646
1687 1697 1686
1727 1737 1726
1767 1777 1766
1807 1817 1806
1847 1857 1846
1887 1897 1886
1927 1937 1926
1967 1977 1966
2007 2017 2006
2047 2057 2046
2087 2097 2086
2127 2137 2126
2167 2177 2166
2207 2217 2206
2247 2257 2246
7 14 8
47 54 48
87 94 88
127 134 128
167 174 168
207 214 208
247 254 248
287 294 288
327 334 328
367 374 368
407 414 408
447 454 448
487 494 488
527 534 528
567 574 568
607 614 608
647 654 648
687 694 688
727 734 728
767 774 768
807 814 808
847 854 848
887 894 888
927 934 928
967 974 968
1007 1014 1008
1047 1054 1048
1087 1094 1088
1127 1134 1128
1167 1174 1168
1207 1214 1208
1247 1254 1248
1287 1294 1288
1327 1334 1328
1367 1374 1368
1407 1414 1408
1447 1454 1448
1487 1494 1488
1527 1534 1528
1567 1574 1568
1607 1614 1608
1647 1654 1648
1687 1694 1688
1727 1734 1728
1767 1774 1768
1807 1814 1808
1847 1854 1848
1887 1894 1888
1927 1934 1928
1967 1974 1968
2007 2014 2008
2047 2054 2048
2087 2094 2088
2127 2134 2128
2167 2174 2168
2207 2214 2208
2247 2254 2248
5 8 4
45 48 44
85 88 84
125 128 124
165 168 164
205 208 204
245 248 244
285 288 284
325 328 324
365 368 364
405 408 404
445 448 444
485 488 484
525 528 524
565 568 564
605 608 604
645 648 644
685 688 684
725 728 724
765 768 764
805 808 804
845 848 844
885 888 884
925 928 924
965 968 964
1005 1008 1004
1045 1048 1044
1085 1088 1084
1125 1128 1124
1165 1168 1164
1205 1208 1204
1245 1248 1244
1285 1288 1284
1325 1328 1324
1365 1368 1364
1405 1408 1404
1445 1448 1444
1485 1488 1484
1525 1528 1524
1565 1568 1564
1605 1608 1604
1645 1648 1644
1685 1688 1684
1725 1728 1724
1765 1768 1764
1805 1808 1804
1845 1848 1844
1885 1888 1884
1925 1928 1924
1965 1968 1964
2005 2008 2004
2045 2048 2044
2085 2088 2084
2125 2128 2124
2165 2168 2164
2205 2208 2204
2245 2248 2244
15 8 14
55 48 54
95 88 94
135 128 134
175 168 174
215 208 214
255 248 254
295 288 294
335 328 334
375 368 374
415 408 414
455 448 454
495 488 494
535 528 534
575 568 574
615 608 614
655 648 654
695 688 694
735 728 734
775 768 774
815 808 814
855 848 854
895 888 894
935 928 934
975 968 974
1015 1008 1014
1055 1048 1054
1095 1088 1094
1135 1128 1134
1175 1168 1174
1215 1208 1214
1255 1248 1254
1295 1288 1294
1335 1328 1334
1375 1368 1374
1415 1408 1414
1455 1448 1454
1495 1488 1494
1535 1528 1534
1575 1568 1574
1615 1608 1614
1655 1648 1654
1695 1688 1694
1735 1728 1734
1775 1768 1774
1815 1808 1814
1855 1848 1854
1895 1888 1894
1935 1928 1934
1975 1968 1974
2015 2008 2014
2055 2048 2054
2095 2088 2094
2135 2128 2134
2175 2168 2174
2215 2208 2214
2255 2248 2254
5 18 6
45 58 46
85 98 86
125 138 126
165 178 166
205 218 206
245 258 246
285 298 286
325 338 326
365 378 366
405 418 406
445 458 446
485 498 486
525 538 526
565 578 566
605 618 606
645 658 646
685 698 686
725 738 726
765 778 766
805 818 806
845 858 846
885 898 886
925 938 926
965 978 966
1005 1018 1006
1045 1058 1046
1085 1098 1086
1125 1138 1126
1165 1178 1166
1205 1218 1206
1245 1258 1246
1285 1298 1286
1325 1338 1326
1365 1378 1366
1405 1418 1406
1445 1458 1446
1485 1498 1486
1525 1538 1526
1565 1578 1566
1605 1618 1606
1645 1658 1646
1685 1698 1686
1725 1738 1726
1765 1778 1766
1805 1818 1806
1845 1858 1846
1885 1898 1886
1925 1938 1926
1965 1978 1966
2005 2018 2006
2045 2058 2046
2085 2098 2086
2125 2138 2126
2165 2178 2166
2205 2218 2206
2245 2258 2246
15 18 6
55 58 46
95 98 86
135 138 126
175 178 166
215 218 206
255 258 246
295 298 286
335 338 326
375 378 366
415 418 406
455 458 446
495 498 486
535 538 526
575 578 566
615 618 606
655 658 646
695 698 686
735 738 726
775 778 766
815 818 806
855 858 846
895 898 886
935 938 926
975 978 966
1015 1018 1006
1055 1058 1046
1095 1098 1086
1135 1138 1126
1175 1178 1166
1215 1218 1206
1255 1258 1246
1295 1298 1286
1335 1338 1326
1375 1378 1366
1415 1418 1406
1455 1458 1446
1495 1498 1486
1535 1538 1526
1575 1578 1566
1615 1618 1606
1655 1658 1646
1695 1698 1686
1735 1738 1726
1775 1778 1766
1815 1818 1806
1855 1858 1846
1895 1898 1886
1935 1938 1926
1975 1978 1966
2015 2018 2006
2055 2058 2046
2095 2098 2086
2135 2138 2126
2175 2178 2166
2215 2218 2206
2255 2258 2246
9 16 10
49 56 50
89 96 90
129 136 130
169 176 170
209 216 210
249 256 250
289 296 290
329 336 330
369 376 370
409 416 410
449 456 450
489 496 490
529 536 530
569 576 570
609 616 610
649 656 650
689 696 690
729 736 730
769 776 770
809 816 810
849 856 850
889 896 890
929 936 930
969 976 970
1009 1016 1010
1049 1056 1050
1089 1096 1090
1129 1136 1130
1169 1176 1170
1209 1216 1210
1249 1256 1250
1289 1296 1290
1329 1336 1330
1369 1376 1370
1409 1416 1410
1449 1456 1450
1489 1496 1490
1529 1536 1530
1569 1576 1570
1609 1616 1610
1649 1656 1650
1689 1696 1690
1729 1736 1730
1769 1776 1770
1809 1816 1810
1849 1856 1850
1889 1896 1890
1929 1936 1930
1969 1976 1970
2009 2016 2010
2049 2056 2050
2089 2096 2090
2129 2136 2130
2169 2176 2170
2209 2216 2210
2249 2256 2250
9 6 8
49 46 48
89 86 88
129 126 128
169 166 168
209 206 208
249 246 248
289 286 288
329 326 328
369 366 368
409 406 408
449 446 448
489 486 488
529 526 528
569 566 568
609 606 608
649 646 648
689 686 688
729 726 728
769 766 768
809 806 808
849 846 848
889 886 888
929 926 928
969 966 968
1009 1006 1008
1049 1046 1048
1089 1086 1088
1129 1126 1128
1169 1166 1168
1209 1206 1208
1249 1246 1248
1289 1286 1288
1329 1326 1328
1369 1366 1368
1409 1406 1408
1449 1446 1448
1489 1486 1488
1529 1526 1528
1569 1566 1568
1609 1606 1608
1649 1646 1648
1689 1686 1688
1729 1726 1728
1769 1766 1768
1809 1806 1808
1849 1846 1848
1889 1886 1888
1929 1926 1928
1969 1966 1968
2009 2006 2008
2049 2046 2048
2089 2086 2088
2129 2126 2128
2169 2166 2168
2209 2206 2208
2249 2246 2248
19 16 20
59 56 60
99 96 100
139 136 140
179 176 180
219 216 220
259 256 260
299 296 300
339 336 340
379 376 380
419 416 420
459 456 460
499 496 500
539 536 540
579 576 580
619 616 620
659 656 660
699 696 700
739 736 740
779 776 780
819 816 820
859 856 860
899 896 900
939 936 940
979 976 980
1019 1016 1020
1059 1056 1060
1099 1096 1100
1139 1136 1140
1179 1176 1180
1219 1216 1220
1259 1256 1260
1299 1296 1300
1339 1336 1340
1379 1376 1380
1419 1416 1420
1459 1456 1460
1499 1496 1500
1539 1536 1540
1579 1576 1580
1619 1616 1620
1659 1656 1660
1699 1696 1700
1739 1736 1740
1779 1776 1780
1819 1816 1820
1859 1856 1860
1899 1896 1900
1939 1936 1940
1979 1976 1980
2019 2016 2020
2059 2056 2060
2099 2096 2100
2139 2136 2140
2179 2176 2180
2219 2216 2220
2259 2256 2260
19 6 18
59 46 58
99 86 98
139 126 138
179 166 178
219 206 218
259 246 258
299 286 298
339 326 338
379 366 378
419 406 418
459 446 458
499 486 498
539 526 538
579 566 578
619 606 618
659 646 658
699 686 698
739 726 738
779 766 778
819 806 818
859 846 858
899 886 898
939 926 938
979 966 978
1019 1006 1018
1059 1046 1058
1099 1086 1098
1139 1126 1138
1179 1166 1178
1219 1206 1218
1259 1246 1258
1299 1286 1298
1339 1326 1338
1379 1366 1378
1419 1406 1418
1459 1446 1458
1499 1486 1498
1539 1526 1538
1579 1566 1578
1619 1606 1618
1659 1646 1658
1699 1686 1698
1739 1726 1738
1779 1766 1778
1819 1806 1818
1859 1846 1858
1899 1886 1898
1939 1926 1938
1979 1966 1978
2019 2006 2018
2059 2046 2058
2099 2086 2098
2139 2126 2138
2179 2166 2178
2219 2206 2218
2259 2246 2258
22 31 21
62 71 61
102 111 101
142 151 141
182 191 181
222 231 221
262 271 261
302 311 301
342 351 341
382 391 381
422 431 421
462 471 461
502 511 501
542 551 541
582 591 581
622 631 621
662 671 661
702 711 701
742 751 741
782 791 781
822 831 821
862 871 861
902 911 901
942 951 941
982 991 981
1022 1031 1021
1062 1071 1061
1102 1111 1101
1142 1151 1141
1182 1191 1181
1222 1231 1221
1262 1271 1261
1302 1311 1301
1342 1351 1341
1382 1391 1381
1422 1431 1421
1462 1471 1461
1502 1511 1501
1542 1551 1541
1582 1591 1581
1622 1631 1621
1662 1671 1661
1702 1711 1701
1742 1751 1741
1782 1791 1781
1822 1831 1821
1862 1871 1861
1902 1911 1901
1942 1951 1941
1982 1991 1981
2022 2031 2021
2062 2071 2061
2102 2111 2101
2142 2151 2141
2182 2191 2181
2222 2231 2221
2262 2271 2261
31 22 32
71 62 72
111 102 112
151 142 152
191 182 192
231 222 232
271 262 272
311 302 312
351 342 352
391 382 392
431 422 432
471 462 472
511 502 512
551 542 552
591 582 592
631 622 632
671 662 672
711 702 712
751 742 752
791 782 792
831 822 832
871 862 872
911 902 912
951 942 952
991 982 992
1031 1022 1032
1071 1062 1072
1111 1102 1112
1151 1142 1152
1191 1182 1192
1231 1222 1232
1271 1262 1272
1311 1302 1312
1351 1342 1352
1391 1382 1392
1431 1422 1432
1471 1462 1472
1511 1502 1512
1551 1542 1552
1591 1582 1592
1631 1622 1632
1671 1662 1672
1711 1702 1712
1751 1742 1752
1791 1782 1792
1831 1822 1832
1871 1862 1872
1911 1902 1912
1951 1942 1952
1991 1982 1992
2031 2022 2032
2071 2062 2072
2111 2102 2112
2151 2142 2152
2191 2182 2192
2231 2222 2232
2271 2262 2272
24 33 23
64 73 63
104 113 103
144 153 143
184 193 183
224 233 223
264 273 263
304 313 303
344 353 343
384 393 383
424 433 423
464 473 463
504 513 503
544 553 543
584 593 583
624 633 623
664 673 663
704 713 703
744 753 743
784 793 783
824 833 823
864 873 863
904 913 903
944 953 943
984 993 983
1024 1033 1023
1064 1073 1063
1104 1113 1103
1144 1153 1143
1184 1193 1183
1224 1233 1223
1264 1273 1263
1304 1313 1303
1344 1353 1343
1384 1393 1383
1424 1433 1423
1464 1473 1463
1504 1513 1503
1544 1553 1543
1584 1593 1583
1624 1633 1623
1664 1673 1663
1704 1713 1703
1744 1753 1743
1784 1793 1783
1824 1833 1823
1864 1873 1863
1904 1913 1903
1944 1953 1943
1984 1993 1983
2024 2033 2023
2064 2073 2063
2104 2113 2103
2144 2153 2143
2184 2193 2183
2224 2233 2223
2264 2273 2263
33 24 34
73 64 74
113 104 114
153 144 154
193 184 194
233 224 234
273 264 274
313 304 314
353 344 354
393 384 394
433 424 434
473 464 474
513 504 514
553 544 554
593 584 594
633 624 634
673 664 674
713 704 714
753 744 754
793 784 794
833 824 834
873 864 874
913 904 914
953 944 954
993 984 994
1033 1024 1034
1073 1064 1074
1113 1104 1114
1153 1144 1154
1193 1184 1194
1233 1224 1234
1273 1264 1274
1313 1304 1314
1353 1344 1354
1393 1384 1394
1433 1424 1434
1473 1464 1474
1513 1504 1514
1553 1544 1554
1593 1584 1594
1633 1624 1634
1673 1664 1674
1713 1704 1714
1753 1744 1754
1793 1784 1794
1833 1824 1834
1873 1864 1874
1913 1904 1914
1953 1944 1954
1993 1984 1994
2033 2024 2034
2073 2064 2074
2113 2104 2114
2153 2144 2154
2193 2184 2194
2233 2224 2234
2273 2264 2274
26 34 27
66 74 67
106 114 107
146 154 147
186 194 187
226 234 227
266 274 267
306 314 307
346 354 347
386 394 387
426 434 427
466 474 467
506 514 507
546 554 547
586 594 587
626 634 627
666 674 667
706 714 707
746 754 747
786 794 787
826 834 827
866 874 867
906 914 907
946 954 947
986 994 987
1026 1034 1027
1066 1074 1067
1106 1114 1107
1146 1154 1147
1186 1194 1187
1226 1234 1227
1266 1274 1267
1306 1314 1307
1346 1354 1347
1386 1394 1387
1426 1434 1427
1466 1474 1467
1506 1514 1507
1546 1554 1547
1586 1594 1587
1626 1634 1627
1666 1674 1667
1706 1714 1707
1746 1754 1747
1786 1794 1787
1826 1834 1827
1866 1874 1867
1906 1914 1907
1946 1954 1947
1986 1994 1987
2026 2034 2027
2066 2074 2067
2106 2114 2107
2146 2154 2147
2186 2194 2187
2226 2234 2227
2266 2274 2267
28 24 27
68 64 67
108 104 107
148 144 147
188 184 187
228 224 227
268 264 267
308 304 307
348 344 347
388 384 387
428 424 427
468 464 467
508 504 507
548 544 547
588 584 587
628 624 627
668 664 667
708 704 707
748 744 747
788 784 787
828 824 827
868 864 867
908 904 907
948 944 947
988 984 987
1028 1024 1027
1068 1064 1067
1108 1104 1107
1148 1144 1147
1188 1184 1187
1228 1224 1227
1268 1264 1267
1308 1304 1307
1348 1344 1347
1388 1384 1387
1428 1424 1427
1468 1464 1467
1508 1504 1507
1548 1544 1547
1588 1584 1587
1628 1624 1627
1668 1664 1667
1708 1704 1707
1748 1744 1747
1788 1784 1787
1828 1824 1827
1868 1864 1867
1908 1904 1907
1948 1944 1947
1988 1984 1987
2028 2024 2027
2068 2064 2067
2108 2104 2107
2148 2144 2147
2188 2184 2187
2228 2224 2227
2268 2264 2267
36 34 37
76 74 77
116 114 117
156 154 157
196 194 197
236 234 237
276 274 277
316 314 317
356 354 357
396 394 397
436 434 437
476 474 477
516 514 517
556 554 557
596 594 597
636 634 637
676 674 677
716 714 717
756 754 757
796 794 797
836 834 837
876 874 877
916 914 917
956 954 957
996 994 997
1036 1034 1037
1076 1074 1077
1116 1114 1117
1156 1154 1157
1196 1194 1197
1236 1234 1237
1276 1274 1277
1316 1314 1317
1356 1354 1357
1396 1394 1397
1436 1434 1437
1476 1474 1477
1516 1514 1517
1556 1554 1557
1596 1594 1597
1636 1634 1637
1676 1674 1677
1716 1714 1717
1756 1754 1757
1796 1794 1797
1836 1834 1837
1876 1874 1877
1916 1914 1917
1956 1954 1957
1996 1994 1997
2036 2034 2037
2076 2074 2077
2116 2114 2117
2156 2154 2157
2196 2194 2197
2236 2234 2237
2276 2274 2277
38 24 37
78 64 77
118 104 117
158 144 157
198 184 197
238 224 237
278 264 277
318 304 317
358 344 357
398 384 397
438 424 437
478 464 477
518 504 517
558 544 557
598 584 597
638 624 637
678 664 677
718 704 717
758 744 757
798 784 797
838 824 837
878 864 877
918 904 917
958 944 957
998 984 997
1038 1024 1037
1078 1064 1077
1118 1104 1117
1158 1144 1157
1198 1184 1197
1238 1224 1237
1278 1264 1277
1318 1304 1317
1358 1344 1357
1398 1384 1397
1438 1424 1437
1478 1464 1477
1518 1504 1517
1558 1544 1557
1598 1584 1597
1638 1624 1637
1678 1664 1677
1718 1704 1717
1758 1744 1757
1798 1784 1797
1838 1824 1837
1878 1864 1877
1918 1904 1917
1958 1944 1957
1998 1984 1997
2038 2024 2037
2078 2064 2077
2118 2104 2117
2158 2144 2157
2198 2184 2197
2238 2224 2237
2278 2264 2277
35 38 34
75 78 74
115 118 114
155 158 154
195 198 194
235 238 234
275 278 274
315 318 314
355 358 354
395 398 394
435 438 434
475 478 474
515 518 514
555 558 554
595 598 594
635 638 634
675 678 674
715 718 714
755 758 754
795 798 794
835 838 834
875 878 874
915 918 914
955 958 954
995 998 994
1035 1038 1034
1075 1078 1074
1115 1118 1114
1155 1158 1154
1195 1198 1194
1235 1238 1234
1275 1278 1274
1315 1318 1314
1355 1358 1354
1395 1398 1394
1435 1438 1434
1475 1478 1474
1515 1518 1514
1555 1558 1554
1595 1598 1594
1635 1638 1634
1675 1678 1674
1715 1718 1714
1755 1758 1754
1795 1798 1794
1835 1838 1834
1875 1878 1874
1915 1918 1914
1955 1958 1954
1995 1998 1994
2035 2038 2034
2075 2078 2074
2115 2118 2114
2155 2158 2154
2195 2198 2194
2235 2238 2234
2275 2278 2274
24 38 25
64 78 65
104 118 105
144 158 145
184 198 185
224 238 225
264 278 265
304 318 305
344 358 345
384 398 385
424 438 425
464 478 465
504 518 505
544 558 545
584 598 585
624 638 625
664 678 665
704 718 705
744 758 745
784 798 785
824 838 825
864 878 865
904 918 905
944 958 945
984 998 985
1024 1038 1025
1064 1078 1065
1104 1118 1105
1144 1158 1145
1184 1198 1185
1224 1238 1225
1264 1278 1265
1304 1318 1305
1344 1358 1345
1384 1398 1385
1424 1438 1425
1464 1478 1465
1504 1518 1505
1544 1558 1545
1584 1598 1585
1624 1638 1625
1664 1678 1665
1704 1718 1705
1744 1758 1745
1784 1798 1785
1824 1838 1825
1864 1878 1865
1904 1918 1905
1944 1958 1945
1984 1998 1985
2024 2038 2025
2064 2078 2065
2104 2118 2105
2144 2158 2145
2184 2198 2185
2224 2238 2225
2264 2278 2265
36 28 35
76 68 75
116 108 115
156 148 155
196 188 195
236 228 235
276 268 275
316 308 315
356 348 355
396 388 395
436 428 435
476 468 475
516 508 515
556 548 555
596 588 595
636 628 635
676 668 675
716 708 715
756 748 755
796 788 795
836 828 835
876 868 875
916 908 915
956 948 955
996 988 995
1036 1028 1035
1076 1068 1075
1116 1108 1115
1156 1148 1155
1196 1188 1195
1236 1228 1235
1276 1268 1275
1316 1308 1315
1356 1348 1355
1396 1388 1395
1436 1428 1435
1476 1468 1475
1516 1508 1515
1556 1548 1555
1596 1588 1595
1636 1628 1635
1676 1668 1675
1716 1708 1715
1756 1748 1755
1796 1788 1795
1836 1828 1835
1876 1868 1875
1916 1908 1915
1956 1948 1955
1996 1988 1995
2036 2028 2035
2076 2068 2075
2116 2108 2115
2156 2148 2155
2196 2188 2195
2236 2228 2235
2276 2268 2275
26 28 25
66 68 65
106 108 105
146 148 145
186 188 185
226 228 225
266 268 265
306 308 305
346 348 345
386 388 385
426 428 425
466 468 465
506 508 505
546 548 545
586 588 585
626 628 625
666 668 665
706 708 705
746 748 745
786 788 785
826 828 825
866 868 865
906 908 905
946 948 945
986 988 985
1026 1028 1025
1066 1068 1065
1106 1108 1105
1146 1148 1145
1186 1188 1185
1226 1228 1225
1266 1268 1265
1306 1308 1305
1346 1348 1345
1386 1388 1385
1426 1428 1425
1466 1468 1465
1506 1508 1505
1546 1548 1545
1586 1588 1585
1626 1628 1625
1666 1668 1665
1706 1708 1705
1746 1748 1745
1786 1788 1785
1826 1828 1825
1866 1868 1865
1906 1908 1905
1946 1948 1945
1986 1988 1985
2026 2028 2025
2066 2068 2065
2106 2108 2105
2146 2148 2145
2186 2188 2185
2226 2228 2225
2266 2268 2265
20 26 39
60 66 79
100 106 119
140 146 159
180 186 199
220 226 239
260 266 279
300 306 319
340 346 359
380 386 399
420 426 439
460 466 479
500 506 519
540 546 559
580 586 599
620 626 639
660 666 679
700 706 719
740 746 759
780 786 799
820 826 839
860 866 879
900 906 919
940 946 959
980 986 999
1020 1026 1039
1060 1066 1079
1100 1106 1119
1140 1146 1159
1180 1186 1199
1220 1226 1239
1260 1266 1279
1300 1306 1319
1340 1346 1359
1380 1386 1399
1420 1426 1439
1460 1466 1479
1500 1506 1519
1540 1546 1559
1580 1586 1599
1620 1626 1639
1660 1666 1679
1700 1706 1719
1740 1746 1759
1780 1786 1799
1820 1826 1839
1860 1866 1879
1900 1906 1919
1940 1946 1959
1980 1986 1999
2020 2026 2039
2060 2066 2079
2100 2106 2119
2140 2146 2159
2180 2186 2199
2220 2226 2239
2260 2266 2279
38 36 39
78 76 79
118 116 119
158 156 159
198 196 199
238 236 239
278 276 279
318 316 319
358 356 359
398 396 399
438 436 439
478 476 479
518 516 519
558 556 559
598 596 599
638 636 639
678 676 679
718 716 719
758 756 759
798 796 799
838 836 839
878 876 879
918 916 919
958 956 959
998 996 999
1038 1036 1039
1078 1076 1079
1118 1116 1119
1158 1156 1159
1198 1196 1199
1238 1236 1239
1278 1276 1279
1318 1316 1319
1358 1356 1359
1398 1396 1399
1438 1436 1439
1478 1476 1479
1518 1516 1519
1558 1556 1559
1598 1596 1599
1638 1636 1639
1678 1676 1679
1718 1716 1719
1758 1756 1759
1798 1796 1799
1838 1836 1839
1878 1876 1879
1918 1916 1919
1958 1956 1959
1998 1996 1999
2038 2036 2039
2078 2076 2079
2118 2116 2119
2158 2156 2159
2198 2196 2199
2238 2236 2239
2278 2276 2279
30 26 29
70 66 69
110 106 109
150 146 149
190 186 189
230 226 229
270 266 269
310 306 309
350 346 349
390 386 389
430 426 429
470 466 469
510 506 509
550 546 549
590 586 589
630 626 629
670 666 669
710 706 709
750 746 749
790 786 789
830 826 829
870 866 869
910 906 909
950 946 949
990 986 989
1030 1026 1029
1070 1066 1069
1110 1106 1109
1150 1146 1149
1190 1186 1189
1230 1226 1229
1270 1266 1269
1310 1306 1309
1350 1346 1349
1390 1386 1389
1430 1426 1429
1470 1466 1469
1510 1506 1509
1550 1546 1549
1590 1586 1589
1630 1626 1629
1670 1666 1669
1710 1706 1709
1750 1746 1749
1790 1786 1789
1830 1826 1829
1870 1866 1869
1910 1906 1909
1950 1946 1949
1990 1986 1989
2030 2026 2029
2070 2066 2069
2110 2106 2109
2150 2146 2149
2190 2186 2189
2230 2226 2229
2270 2266 2269
28 26 29
68 66 69
108 106 109
148 146 149
188 186 189
228 226 229
268 266 269
308 306 309
348 346 349
388 386 389
428 426 429
468 466 469
508 506 509
548 546 549
588 586 589
628 626 629
668 666 669
708 706 709
748 746 749
788 786 789
828 826 829
868 866 869
908 906 909
948 946 949
988 986 989
1028 1026 1029
1068 1066 1069
1108 1106 1109
1148 1146 1149
1188 1186 1189
1228 1226 1229
1268 1266 1269
1308 1306 1309
1348 1346 1349
1388 1386 1389
1428 1426 1429
1468 1466 1469
1508 1506 1509
1548 1546 1549
1588 1586 1589
1628 1626 1629
1668 1666 1669
1708 1706 1709
1748 1746 1749
1788 1786 1789
1828 1826 1829
1868 1866 1869
1908 1906 1909
1948 1946 1949
1988 1986 1989
2028 2026 2029
2068 2066 2069
2108 2106 2109
2148 2146 2149
2188 2186 2189
2228 2226 2229
2268 2266 2269
41 21 40
81 61 80
121 101 120
161 141 160
201 181 200
241 221 240
281 261 280
321 301 320
361 341 360
401 381 400
441 421 440
481 461 480
521 501 520
561 541 560
601 581 600
641 621 640
681 661 680
721 701 720
761 741 760
801 781 800
841 821 840
881 861 880
921 901 920
961 941 960
1001 981 1000
1041 1021 1040
1081 1061 1080
1121 1101 1120
1161 1141 1160
1201 1181 1200
1241 1221 1240
1281 1261 1280
1321 1301 1320
1361 1341 1360
1401 1381 1400
1441 1421 1440
1481 1461 1480
1521 1501 1520
1561 1541 1560
1601 1581 1600
1641 1621 1640
1681 1661 1680
1721 1701 1720
1761 1741 1760
1801 1781 1800
1841 1821 1840
1881 1861 1880
1921 1901 1920
1961 1941 1960
2001 1981 2000
2041 2021 2040
2081 2061 2080
2121 2101 2120
2161 2141 2160
2201 2181 2200
2241 2221 2240
2281 2261 2280
21 41 31
61 81 71
101 121 111
141 161 151
181 201 191
221 241 231
261 281 271
301 321 311
341 361 351
381 401 391
421 441 431
461 481 471
501 521 511
541 561 551
581 601 591
621 641 631
661 681 671
701 721 711
741 761 751
781 801 791
821 841 831
861 881 871
901 921 911
941 961 951
981 1001 991
1021 1041 1031
1061 1081 1071
1101 1121 1111
1141 1161 1151
1181 1201 1191
1221 1241 1231
1261 1281 1271
1301 1321 1311
1341 1361 1351
1381 1401 1391
1421 1441 1431
1461 1481 1471
1501 1521 1511
1541 1561 1551
1581 1601 1591
1621 1641 1631
1661 1681 1671
1701 1721 1711
1741 1761 1751
1781 1801 1791
1821 1841 1831
1861 1881 1871
1901 1921 1911
1941 1961 1951
1981 2001 1991
2021 2041 2031
2061 2081 2071
2101 2121 2111
2141 2161 2151
2181 2201 2191
2221 2241 2231
2261 2281 2271
1 41 11
41 81 51
81 121 91
121 161 131
161 201 171
201 241 211
241 281 251
281 321 291
321 361 331
361 401 371
401 441 411
441 481 451
481 521 491
521 561 531
561 601 571
601 641 611
641 681 651
681 721 691
721 761 731
761 801 771
801 841 811
841 881 851
881 921 891
921 961 931
961 1001 971
1001 1041 1011
1041 1081 1051
1081 1121 1091
1121 1161 1131
1161 1201 1171
1201 1241 1211
1241 1281 1251
1281 1321 1291
1321 1361 1331
1361 1401 1371
1401 1441 1411
1441 1481 1451
1481 1521 1491
1521 1561 1531
1561 1601 1571
1601 1641 1611
1641 1681 1651
1681 1721 1691
1721 1761 1731
1761 1801 1771
1801 1841 1811
1841 1881 1851
1881 1921 1891
1921 1961 1931
1961 2001 1971
2001 2041 2011
2041 2081 2051
2081 2121 2091
2121 2161 2131
2161 2201 2171
2201 2241 2211
2241 2281 2251
41 1 42
81 41 82
121 81 122
161 121 162
201 161 202
241 201 242
281 241 282
321 281 322
361 321 362
401 361 402
441 401 442
481 441 482
521 481 522
561 521 562
601 561 602
641 601 642
681 641 682
721 681 722
761 721 762
801 761 802
841 801 842
881 841 882
921 881 922
961 921 962
1001 961 1002
1041 1001 1042
1081 1041 1082
1121 1081 1122
1161 1121 1162
1201 1161 1202
1241 1201 1242
1281 1241 1282
1321 1281 1322
1361 1321 1362
1401 1361 1402
1441 1401 1442
1481 1441 1482
1521 1481 1522
1561 1521 1562
1601 1561 1602
1641 1601 1642
1681 1641 1682
1721 1681 1722
1761 1721 1762
1801 1761 1802
1841 1801 1842
1881 1841 1882
1921 1881 1922
1961 1921 1962
2001 1961 2002
2041 2001 2042
2081 2041 2082
2121 2081 2122
2161 2121 2162
2201 2161 2202
2241 2201 2242
2281 2241 2282
1170 2261 1160
2261 1170 2271
2241 1170 2251
1170 2241 1180
1190 2221 1180
2221 1190 2231
2201 1190 2211
1190 2201 1200
1210 2181 1200
2181 1210 2191
2161 1210 2171
1210 2161 1220
1230 2141 1220
2141 1230 2151
2121 1230 2131
1230 2121 1240
1250 2101 1240
2101 1250 2111
2081 1250 2091
1250 2081 1260
1270 2061 1260
2061 1270 2071
2041 1270 2051
1270 2041 1280
1290 2021 1280
2021 1290 2031
2001 1290 2011
1290 2001 1300
1310 1981 1300
1981 1310 1991
1961 1310 1971
1310 1961 1320
1330 1941 1320
1941 1330 1951
1921 1330 1931
1330 1921 1340
1350 1901 1340
1901 1350 1911
1881 1350 1891
1350 1881 1360
1370 1861 1360
1861 1370 1871
1841 1370 1851
1370 1841 1380
1390 1821 1380
1821 1390 1831
1801 1390 1811
1390 1801 1400
1410 1781 1400
1781 1410 1791
1761 1410 1771
1410 1761 1420
1430 1741 1420
1741 1430 1751
1721 1430 1731
1430 1721 1440
1450 1701 1440
1701 1450 1711
1681 1450 1691
1450 1681 1460
1470 1661 1460
1661 1470 1671
1641 1470 1651
1470 1641 1480
1490 1621 1480
1621 1490 1631
1601 1490 1611
1490 1601 1500
1510 1581 1500
1581 1510 1591
1561 1510 1571
1510 1561 1520
1530 1541 1520
1541 1530 1551
1521 1530 1531
1530 1521 1540
1550 1501 1540
1501 1550 1511
1481 1550 1491
1550 1481 1560
1570 1461 1560
1461 1570 1471
1441 1570 1451
1570 1441 1580
1590 1421 1580
1421 1590 1431
1401 1590 1411
1590 1401 1600
1610 1381 1600
1381 1610 1391
1361 1610 1371
1610 1361 1620
1630 1341 1620
1341 1630 1351
1321 1630 1331
1630 1321 1640
1650 1301 1640
1301 1650 1311
1281 1650 1291
1650 1281 1660
1670 1261 1660
1261 1670 1271
1241 1670 1251
1670 1241 1680
1690 1221 1680
1221 1690 1231
1201 1690 1211
1690 1201 1700
1710 1181 1700
1181 1710 1191
1161 1710 1171
1710 1161 1720
1730 1141 1720
1141 1730 1151
1121 1730 1131
1730 1121 1740
1750 1101 1740
1101 1750 1111
1081 1750 1091
1750 1081 1760
1770 1061 1760
1061 1770 1071
1041 1770 1051
1770 1041 1780
1790 1021 1780
1021 1790 1031
1001 1790 1011
1790 1001 1800
1810 981 1800
981 1810 991
961 1810 971
1810 961 1820
1830 941 1820
941 1830 951
921 1830 931
1830 921 1840
1850 901 1840
901 1850 911
881 1850 891
1850 881 1860
1870 861 1860
861 1870 871
841 1870 851
1870 841 1880
1890 821 1880
821 1890 831
801 1890 811
1890 801 1900
1910 781 1900
781 1910 791
761 1910 771
1910 761 1920
1930 741 1920
741 1930 751
721 1930 731
1930 721 1940
1950 701 1940
701 1950 711
681 1950 691
1950 681 1960
1970 661 1960
661 1970 671
641 1970 651
1970 641 1980
1990 621 1980
621 1990 631
601 1990 611
1990 601 2000
2010 581 2000
581 2010 591
561 2010 571
2010 561 2020
2030 541 2020
541 2030 551
521 2030 531
2030 521 2040
2050 501 2040
501 2050 511
481 2050 491
2050 481 2060
2070 461 2060
461 2070 471
441 2070 451
2070 441 2080
2090 421 2080
421 2090 431
401 2090 411
2090 401 2100
2110 381 2100
381 2110 391
361 2110 371
2110 361 2120
2130 341 2120
341 2130 351
321 2130 331
2130 321 2140
2150 301 2140
301 2150 311
281 2150 291
2150 281 2160
2170 261 2160
261 2170 271
241 2170 251
2170 241 2180
2190 221 2180
221 2190 231
201 2190 211
2190 201 2200
2210 181 2200
181 2210 191
161 2210 171
2210 161 2220
2230 141 2220
141 2230 151
121 2230 131
2230 121 2240
2250 101 2240
101 2250 111
81 2250 91
2250 81 2260
2270 61 2260
61 2270 71
41 2270 51
2270 41 2280
2281 21 2280
21 2281 31
1 2281 11
2281 1 2282
2282 1160 2283
1150 2284 10
2283 2284 1160
2284 10 2285
2285 1160 2284
